1;SuperChange;;0;14278
10;My-Xchange;878525859540;1046;9131
29;N-Change;;0;432624
48;Exwp;800811812711;1811;188475
51;ExchangeX;687408836403;1953;353734
52;NetExchange;;0;1528559
382;Bit-Changer;;0;159604945
443;ОбменОМ;;0;343064
79;E-Obmen;;0;510017
80;Vmex;060994506852;1710;222569
90;Ex-Money;;0;54831109
106;Me24;413483251593;647;11113
107;WM-Sha;881627402476;1781;7871
120;MagneticExchange;;0;226704
142;WmPayCash;256939015533;0;1267839
152;Vilcov;;0;83712
154;eCashMe;878525859540;1046;7631
155;Z-Obmen;;0;41442
157;WmBox;329025066047;1017;249381
184;Xchange;;0;248279921
191;PartnerExchange;;0;1263788
197;WMSell;;0;0
201;NixExchange;;0;420783
218;A-Exchange;;0;220302
219;I-Obmen;;0;6581766
220;WMGlobus;;0;0
223;МультиВал;;0;423894
227;MoneyChange;;0;55849
238;E-Money;;0;1414149
239;E-Scrooge;;0;43019740
643;Bchange;;0;420212
252;VIPchanger;397640011232;2422;3116751
730;WmMoney;445709135419;1405;227
255;BazarMoney;250647852481;1142;15953
256;PM2BTC;;0;361212
259;BTC2Cashin;;0;149233
268;Rapid-Obmen;;0;2748158
269;Paspar;;0;252942
271;GoldObmen;;0;11743
273;ArmChange;;0;201157
274;MultiChange;;0;147546094
277;BTC2WM;;0;100000
279;MChange;;0;604167810
291;Ukr-Obmen;;0;3949500
297;Меняйко;192211650456;1673;3785
299;ObmenCash;;0;18886
311;Cryptex24;;0;230085
326;Матби;;0;0
327;24Обмен;;0;15137
337;1WM;;0;53972
341;WMStream;185657319746;0;114459725
362;D-Obmen;;0;453429
364;N-Obmen;;0;14546
366;WmCurrency;;0;0
370;Obmenneg;426424364533;0;8968
372;HotExchange;;0;2902623
374;Echange;401537073488;1113;24132
375;CashTransfers;123974018633;0;5218669
377;ExBox;;0;111340548
380;FavoriteExchanger;266156638013;1450;2652626
386;Exch-em;;0;29998661
387;365Cash;;0;302344
395;InternetMoney;;0;32525171
397;AllCash;;0;16365399
399;CleanBTC;491088628726;0;14372782
405;OpenChange;;0;198409495
409;5Минут;157677488095;340;119822
411;BTCBank;;0;57635
417;24PayBank;;0;49701147
421;Receive-Money;;0;6986993
430;CoinTransfer;;0;54399185
433;Smart-Pays;;0;613642
436;RealExchange;271040623560;1263;3802222
437;RuChange;;0;100711
438;WestChange;;0;1832311
439;Makoli;;0;34208
444;Конверт;;0;95361
445;24Online;;0;0
447;SpbWMCasher;049282223299;0;28647081
830;EliteObmen;;0;1420903
460;Lionex;;0;194939
466;BtcChange24;;0;2158210
464;MegaChange;380536951311;1467;75176
467;GoodObmen;;0;3498
468;Magnatus;;0;986835
469;MasterChange;238890286272;1981;28933559
471;ChBy;;0;60267360
472;Changer4u;;0;0
473;ImExchanger;;0;423352218
489;ZB;;0;0
488;FastChange;;0;21588136
490;O-Paxum;;0;107909
498;Kraken;;0;0
499;Huobi;;0;0
502;OkCoin;;0;0
500;BitStamp;;0;0
504;OKX;;0;0
497;Cexio;;0;0
496;Bitfinex;;0;0
492;Poloniex;;0;0
797;Excoin;;0;158905830
501;Currency;;0;0
503;HitBTC;;0;0
505;CryptoMate;;0;0
508;Gemini;;0;0
507;Bitkonan;;0;0
510;Binance;;0;0
509;TheRockTrading;;0;0
511;Bittrex;;0;0
512;CoinBase;;0;0
515;YoBit;;0;0
517;BaksMan;;0;133119638
521;Шахта;;0;15270490
522;Касса;;0;1798949
519;BitExchanger;;0;43433279
526;FastExchange;;0;392004
528;WmExpress;;0;732258258
532;QuickChange;;0;5224394
536;WuBill;;0;5748022
535;BitPayes;;0;17591
537;100BtcKiev;;0;1366603
538;50Cents;;0;40547628
539;NewLine;;0;238959136
544;Банкомат;;0;55430183
540;CryptoPay24;;0;31117724
743;Treddr;894221020033;8;380681
546;NetEx24;;0;2148583
551;RocketChange;;0;5860981
555;Cashex;;0;231927985
556;ObmennCom;;0;36257
558;1Exchanger;;0;66981
559;MinedTrade;;0;3419681
561;BetaTransfer;;0;44696
562;Z-Exchange;;0;15427
565;Transfer24;;0;28292141
567;Coin-Bank;;0;91176
573;Биткоин24;;0;62781
575;Your-Coins;;0;47466
577;Bit-Обменка;;0;15968739
580;4ange;;0;30116613
581;8Pay;437302142553;1185;1344798
584;F-Change;;0;68448186
585;ObmenoFF;;0;474927
586;КэшБанк;;0;34733630
1091;NordChange;;0;6919714
588;7Money;;0;492708
590;ExMoney;;0;18810
608;GeeExchange;;0;17918830
606;CryptoMoney;;0;44053340
607;60сек;;0;226697833
609;ObmenMoney;279259009479;561;0
612;Changelly;;0;2315613
614;El-Change;;0;49006111
615;Pocket-Exchange;;0;151888247
620;4Exchange;;0;28948
618;24BestEx;;0;13866881
624;VV-Obmen;;0;55774
622;ProstoCash;;0;1183953198
625;PayGet;;0;19910055
629;MonEx;189133223119;3065;315191
626;Best-Obmen;;0;29020472
640;BTC2Pay;;0;408756
636;WorldChange;;0;591935
664;BitHunter;;0;93996201
645;BtcBit;;0;11471914
681;CryptoHome;;0;5319901
635;Staff-Obmen;;0;61614
633;YChanger;;0;312278303
736;Обменник-UZ;;0;45618
668;MyCryptoMarket;;0;703497
650;Real-Bit;;0;7182935
638;Bitcoin24SU;;0;239231382
642;BuyBit;;0;39101
655;BitStore;;0;8537056
659;1-Online;;0;95606491
665;Perfect-Change;;0;103454
652;LasloBit;;0;295799
731;BigBank;;0;42557234
689;TransCoin;;0;1860057
657;Easy-Changer;;0;497764
661;Ферма;;0;35384442
654;Ru-Bas;;0;53209
738;HASchange;;0;69567850
702;Papa-Change;;0;748105
660;FlyChange;;0;4024520
714;Top-Exchange;;0;392989
719;ObmenLite24;;0;20271119
672;99Francs;;0;169769
715;Coins-Trade;;0;556240
658;BtcTenge;;0;39840660
686;1Mile;;0;79395609
695;BTC-Обменник;;0;13614480
706;HoBit;;0;2661517
705;Cryptonex;;0;41029
713;CashOut;;0;508491
687;WikiPays;;0;4389081
749;BitOkk;;0;156754603
690;Fair-Exchange;413428403759;0;9436
685;BitCash;;0;665868
723;BitObmen;;0;575249
718;Platov;;0;23403387
712;Criptify;;0;0
755;Big-Changer;;0;148106
703;Obmen4you;320026778932;1576;13957
716;Bitok777;;0;29103
782;Tec-Bit;;0;4814962
750;CashAdmin;;0;86425452
758;CryptoBox;;0;7527176
741;BTCe-Obmen;;0;821687
737;BonkyPay;232342940453;0;112020606
761;FlashObmen;;0;344987
757;ChangeNow;;0;50745130
770;BTC24pro;;0;0
779;MoneyMix;;0;5495495
790;2rbina;;0;95653885
776;XbiTrade;;0;752087
785;PayMarket;;0;186932
780;Bitcoin24Pro;;0;62299935
766;UniCash;;0;71133167
764;NiceChange;;0;70600709
772;CoinPayMaster;;0;440479313
792;SberBit;;0;452606
799;Криптообменник;;0;948175
801;Coin-Future;;0;268416
793;IceBTC;;0;24594607
798;Quickex;;0;41336556
808;ChangeCoins;;0;1720703
814;BitBits;;0;66357
835;7Pay;709807738416;1659;328587
827;Crypster;;0;14939264
818;R-Obmen;;0;2060089
812;Ex-Bank;;0;3664451
823;Обменочка;;0;1799863
809;XbitMoney;155289860990;1612;134056
816;WM007;;0;13813
840;YoChange;;0;322358042
838;AlfaExchange;;0;55796872
839;MyInvestStory;;0;3305
821;ExchangeTeam;;0;170014114
815;Belqi;;0;18927662
842;AllMoney;406103529800;225;4120383
850;Keine-Exchange;;0;104174552
846;ExchangeYourMoney;;0;2094158
848;SwapCoin;;0;17034321
852;RamonCash;;0;19088798
857;Paytiz;227421344645;275;0
855;CoinStart;;0;71067771
858;FixedFloat;;0;5803740
865;Bixter;;0;12093846
869;ExpoChange;412963033166;0;569810
866;Delets;;0;13548503
872;WM-Obmen;362955051206;1795;411260
871;BitokMe;;0;347661802
895;CryptoBarMen;;0;44807965
867;Сумма;;0;437276
870;Alfa-Trades;;0;19623510
882;BuyBank;;0;4330880
881;AllTrustMe;;0;1740948
877;Об-мен;963523258975;137;795778
884;Cryptex;;0;2362231
907;ObmenAT24;;0;2539022
874;ChangeHero;;0;36228357
1093;GetExch;;0;5045202
905;TraiderIdeal;;0;48765
902;BTC-Волга;;0;9561842
885;JPMarket;;0;532146
897;AnonEx;;0;1859681
888;GramBit;;0;216105005
894;КупиБит;;0;2050989
898;Вобменка;;0;457973
901;WMStar;310224582545;0;582099
899;CoinShop24;;0;133181767
896;CoinChanger;;0;1534343
910;WMT;797230232341;290;284065
915;CoinGuru;;0;50253170
914;Ex-code;;0;1508
989;CoinsBlack;890273718097;0;8817868
913;Quantex;;0;3197531
917;Micro-exchange;;0;30621571
916;Cryptos;;0;901288
925;Sunduk;;0;1074930
939;EuroBit;;0;11991678
935;Wiki-Exchange;;0;50296812
922;PayWallet;;0;163000
943;TopCash;;0;256291
927;Msk-Exchange;;0;305650
929;RoyalCash;;0;423936275
930;Crypto-Store;;0;479267
942;ExHub;;0;5887890
944;EExchanger;330964771407;0;18824554
949;Coco-Pay;;0;9384746
948;AbcObmen;;0;160733703
951;PrideChange;;0;7838841
952;ExLine;;0;190518
954;EggChange;;0;27615900
961;MyBTC;;0;32983002
960;Crybex;195257639270;0;24880119
959;ExchangeKey;;0;45007222
953;Livex;;0;0
956;Обменко;;0;4373175
958;24Zone;;0;31780755
962;StyleBTC;;0;332301
963;Global-Ex;;0;486453
955;AlfaBit;;0;59346684
966;BlaBlaChange;;0;161828377
964;ExBase;;0;681005
967;КриптоОбмен;;0;3119159
981;WMChanger;;0;7688557
1016;Банкир;;0;0
997;CoinJoin;;0;23829890
985;Tuco;;0;11341855
983;Bitality;;0;402310107
968;CryptoMax;;0;106909034
973;Number1;;0;7123156
977;CityBit;;0;7316185
984;Cash-Bit;;0;5687832
969;4Money;;0;40162815
994;TipTopObmen;;0;59762367
976;ChangeProject;;0;362662745
992;OneMoment;;0;441091220
970;AlfaChange;;0;74486796
987;Itez;;0;4011477
982;WxMoney;;0;33642696
974;BestKurs24;;0;1091592
980;GrandChange;;0;403089339
975;PremierCash;;0;609253
1011;IChangeOne;137024936562;0;1878364
999;LetsPay;;0;1188848
1003;Crypto-Market24;;0;0
998;Момент;;0;30563
1027;Nordex;;0;4514776
1040;HiExchange;209080513788;559;470950
1013;AvanChange;359556728149;0;31378986
1008;BroExchange;;0;32698731
1005;EezyCash;594705036984;3;23709160
1006;Сова;;0;264735244
1002;ExCenter;;0;2329762
1001;CatBit;;0;3067920
1000;BazaObmena;;0;13006087
1007;Platex;;0;0
1014;Coin24;;0;8454613
1015;ТочкаОбмена;512160110371;0;63197
1020;Bit2Cash;;0;1599158
1010;Coinumm;;0;863685
1032;Crypto-Bank;;0;222740
1026;Ripae;;0;373165
1021;Крипта;;0;178508167
1009;CryptoShopping;;0;16850
1029;SwiftChange;;0;17408515
1004;ExWm;910856141988;546;10710
1038;Обама;455223738561;227;4259295
1036;CoinCat;;0;11568963
1028;BTCSale;;0;8567847
1023;UnioChange;;0;13856778
1033;CosmoChanger;;0;31677339
1025;GlobalBits;;0;38066831
1035;CryptoXchange;;0;4689557
1024;Just-Exchanger;;0;0
1037;Crypik;;0;5149274
1034;ClickPay;285857469245;41;11405584
1047;Money-Office;;0;8767706
1046;Муха;;0;239435
1045;AgCash;;0;3881454
1044;BitBong;;0;13186143
1041;AnyExchange;;0;13282448
1081;DotSatoshi;;0;11780009
1042;CoinBox;;0;166499
1049;BlaBlaMoney;;0;24766102
1050;Kursov24;;0;32587951
1054;24BitBank;;0;503317
1053;ATMExchanger;;0;965654
1059;ОбменкаSU;;0;42062
1052;Artek-Exchanger;;0;1941194
1057;Fly-Pay;206304305615;79;1024151
1056;First-BTC;;0;19009784
1062;FlyObmen;;0;32621
1051;КриптоКасса;;0;425541
1061;Adb;;0;125165081
1069;Clean-Exchange;;0;1057875
1060;CryptoStrike;;0;54842362
1063;Оборот;;0;470648
1067;InstaBit;557452850931;0;30826
1066;1Million;;0;154630
1074;CoinBlinker;;0;14893411
1070;Монеткин;;0;41151704
1071;CoinDrop;;0;555363
1072;N1ex;;0;21986
1073;IziBTC;;0;117560037
1079;WMZSale;111804423672;466;1670990
1078;AtPayz;806980557044;126;1429336
1080;BTCKassa;;0;541878
1094;SCSObmen;951426373513;90;64443
1085;NateBit;;0;23359375
1084;Easy-Change;;0;73833
1083;ExpressMoney;;0;509678
1092;Cash2Pay;;0;0
1096;BTCWorm;;0;12003680
1087;CryptoKarma;;0;2510912
1086;ExchangeForMe;;0;0
1089;AllTop;;0;2102417
1088;Swap-Exchange;;0;50559
1095;YaObmen;;0;1899889